500
0
-215.425 6.34246 250.967
0
-193.656 6.06716 251.316
0
-182.406 6.37825 250.657
0
-175.334 6.03549 250.573
0
-171.157 5.71699 250.52
0
-166.977 5.45124 250.468
0
-163.454 5.07507 250.422
0
-159.887 4.99513 250.382
0
-155.69 4.86188 250.333
0
-151.498 4.58591 250.28
0
-148.019 4.50443 250.236
0
-144.451 4.97979 250.201
0
-140.302 4.58818 250.117
0
-136.894 3.8324 250.025
0
-133.404 3.36368 249.936
0
-129.2 3.02126 249.828
0
-125.009 2.7027 249.72
0
-120.733 2.49775 249.61
0
-117.279 2.29729 249.369
0
-113.786 2.29147 249.021
0
-110.279 2.2665 248.672
0
-106.058 2.12031 248.252
0
-102.608 2.2909 247.905
0
-99.7682 2.19954 247.62
0
-96.3126 2.28272 247.274
0
-92.7792 2.3015 246.919
0
-90.0017 2.56236 246.636
0
-85.8244 2.63277 246.212
0
-82.3599 3.06424 245.852
0
-78.1834 3.38086 245.419
0
-73.9616 3.80143 244.981
0
-69.7841 4.09022 244.566
0
-65.5659 3.83023 244.21
0
-62.0367 3.79861 243.897
0
-57.9044 4.1831 243.5
0
-53.6696 4.48524 243.098
0
-50.2063 4.70731 242.77
0
-46.0064 5.09869 242.365
0
-41.8235 5.52294 241.964
0
-37.6823 5.87416 241.54
0
-34.2044 5.61357 241.113
0
-29.9888 5.67161 240.613
0
-26.4886 5.48504 240.271
0
-22.2871 5.33167 240.024
0
-18.0905 5.12517 239.775
0
-13.8566 5.51202 239.544
0
-9.6714 5.93394 239.318
0
-5.52039 6.60601 239.103
0
-2.09113 7.33206 239.016
0
2.0003 8.38852 239.089
0
6.05313 9.75125 239.176
0
10.9031 10.4202 239.231
0
15.989 10.7381 239.312
0
24.7528 10.09 240.329
0
28.2574 9.8075 240.798
0
32.3951 9.2386 241.333
0
35.7837 8.46852 241.745
0
39.8294 7.43808 242.232
0
43.8565 6.20666 242.709
0
47.9163 5.24532 243.175
0
51.3904 4.54615 243.563
0
55.5802 3.94307 243.961
0
59.8014 3.60553 243.951
0
64.0168 3.19597 243.926
0
68.1822 2.69316 243.904
0
72.4489 2.46329 243.88
0
76.6574 2.26841 243.856
0
80.8889 2.00565 243.836
0
85.0577 1.89833 243.818
0
89.2824 1.6966 243.801
0
92.7443 1.55197 243.787
0
97.7078 1.30083 243.761
0
101.958 1.38696 243.726
0
106.13 1.29981 243.694
0
110.364 1.33362 243.658
0
113.888 1.3097 243.627
0
118.757 1.57193 243.58
0
122.996 1.79628 243.537
0
127.214 2.07534 243.491
0
130.748 2.2379 243.454
0
134.955 2.53521 243.408
0
139.145 2.84826 243.361
0
143.368 3.16792 243.312
0
147.597 3.51417 243.344
0
151.754 3.6736 243.445
0
155.99 3.60016 243.553
0
159.521 3.68356 243.64
0
164.404 3.82442 243.757
0
168.641 3.9551 243.866
0
172.877 3.65746 243.995
0
177.033 3.71671 244.08
0
181.269 3.78706 244.166
0
184.776 4.00944 244.215
0
188.991 4.61328 244.238
0
193.851 5.12502 244.28
0
198.052 5.43782 244.337
0
202.252 5.87623 244.383
0
206.426 6.66881 244.416
0
210.487 7.86343 244.451
0
215.274 7.0396 244.451
0
218.773 6.40045 244.411
0
223.687 6.35897 244.271
0
227.192 6.26046 244.18
0
231.686 6.32371 243.779
0
236.331 6.62979 242.889
0
244.179 5.81625 239.568
0
244.144 4.87323 229.752
0
244.234 4.17299 225.549
0
244.319 3.6425 221.43
0
244.406 3.35876 217.181
0
244.498 3.29926 212.929
0
244.458 3.11675 208.802
0
244.368 2.862 204.583
0
244.281 2.71841 200.358
0
244.188 2.40071 196.1
0
244.08 1.9323 191.282
0
243.999 1.89896 187.043
0
243.918 1.84471 182.795
0
243.821 1.69952 177.854
0
243.753 1.7 174.396
0
243.655 1.74989 169.466
0
243.568 1.90094 165.231
0
243.483 1.95641 161.013
0
243.394 2.19009 156.799
0
243.304 2.43661 152.611
0
243.214 2.76111 148.379
0
243.107 3.23049 143.481
0
243.014 3.67428 139.277
0
242.92 4.15948 135.087
0
242.842 4.319 130.847
0
242.829 4.13895 126.68
0
242.827 3.92448 122.542
0
242.818 3.6811 118.249
0
242.842 3.33363 114.048
0
242.859 3.07724 109.842
0
242.876 2.76596 105.597
0
242.885 2.55855 101.395
0
242.893 2.31968 96.549
0
242.889 2.29843 92.2576
0
242.882 2.24508 88.0438
0
242.87 2.30008 83.1405
0
242.864 2.24785 78.8916
0
242.857 2.24261 74.6988
0
242.847 2.21161 69.7368
0
242.83 2.46622 65.5582
0
242.835 2.42566 60.6121
0
242.818 2.62038 56.4279
0
242.791 2.772 52.1419
0
242.754 3.13473 47.2763
0
242.725 3.39515 43.1408
0
242.699 3.47962 38.829
0
242.67 3.53419 33.9631
0
242.638 3.65354 29.7667
0
242.591 4.16457 25.5654
0
242.53 4.83955 20.6994
0
242.459 5.22908 16.4605
0
242.368 5.26286 12.2824
0
242.266 5.36165 7.35164
0
242.168 5.35214 3.14021
0
242.023 4.83654 -1.76477
0
241.893 4.49185 -6.01739
0
241.759 4.25942 -10.2192
0
241.591 4.09517 -15.0946
0
241.472 3.75743 -19.2943
0
241.311 3.52691 -24.2474
0
241.156 3.4127 -28.4281
0
240.964 3.29108 -33.4026
0
240.787 3.29558 -37.589
0
240.604 3.16994 -42.4762
0
240.468 2.9133 -46.6604
0
240.297 2.83167 -50.8959
0
240.056 3.00449 -55.8464
0
239.902 2.79018 -60.0499
0
239.746 2.74938 -64.2749
0
239.566 2.6023 -69.1784
0
239.372 2.70932 -73.4003
0
239.128 2.92746 -78.3118
0
238.935 3.06207 -82.4992
0
238.718 3.14128 -87.4115
0
238.471 3.37522 -92.3217
0
238.243 3.62915 -96.5545
0
238.004 4.00488 -100.743
0
237.801 4.15005 -104.931
0
237.555 4.40524 -109.838
0
237.289 4.96102 -114.03
0
236.974 5.58456 -118.885
0
236.782 5.50919 -123.167
0
236.587 5.24506 -128.027
0
236.393 5.10915 -132.22
0
236.177 4.93584 -137.071
0
235.972 4.93211 -141.282
0
235.796 4.6568 -145.513
0
235.587 4.43649 -150.474
0
235.406 4.19747 -154.677
0
235.19 4.08249 -159.598
0
235.003 4.03708 -163.84
0
234.816 3.97928 -168.053
0
234.623 4.0801 -172.205
0
234.393 4.22615 -177.132
0
234.297 4.2294 -182.374
0
234.494 4.27026 -185.607
0
234.757 4.07498 -189.822
0
235.065 4.09687 -194.779
0
235.351 3.72181 -198.882
0
235.629 3.59798 -203.037
0
235.953 3.50369 -207.974
0
236.22 3.61093 -212.157
0
236.49 3.67093 -216.436
0
236.787 4.00436 -221.332
0
237.069 3.85801 -225.549
0
237.395 3.7671 -230.449
0
237.679 3.69819 -234.681
0
238.004 3.77848 -239.594
0
237.881 3.97598 -245.757
0
231.271 3.68407 -248.41
0
245.098 5.22821 -251.636
0
228.331 3.6656 -250.981
0
223.521 3.43095 -250.312
0
215.106 3.43101 -249.116
0
211.72 3.34004 -248.642
0
207.523 3.01197 -248.061
0
203.337 2.82925 -247.482
0
199.169 2.51344 -246.903
0
195.649 2.49501 -246.412
0
191.454 2.26715 -245.828
0
187.313 2.19766 -245.249
0
183.844 2.03739 -244.765
0
179.64 2.01359 -244.172
0
175.486 1.97972 -243.584
0
171.319 1.99904 -242.994
0
167.758 1.9078 -242.491
0
164.337 1.90042 -242.007
0
160.165 1.89976 -241.417
0
156.674 1.88392 -240.924
0
152.482 1.91871 -240.33
0
148.292 1.90034 -239.737
0
144.839 1.95484 -239.248
0
140.674 1.93153 -238.66
0
137.167 1.90904 -238.166
0
133.013 1.80579 -237.58
0
129.573 1.69984 -237.094
0
125.303 1.70058 -236.488
0
121.854 1.70002 -235.999
0
117.703 1.69974 -235.409
0
114.157 1.78798 -234.908
0
110.051 1.89947 -234.396
0
105.809 2.00198 -233.915
0
100.949 2.13871 -233.365
0
96.7462 2.20485 -232.893
0
92.505 2.27532 -232.416
0
84.9135 2.71578 -231.825
0
80.6544 3.14951 -231.659
0
76.4692 3.29749 -231.498
0
72.2728 3.11757 -231.338
0
68.09 3.09965 -231.18
0
63.8686 3.30424 -231.023
0
60.2766 3.36002 -230.889
0
56.1467 3.65606 -230.745
0
51.1994 4.07813 -230.66
0
47.7223 4.36333 -230.638
0
43.5434 4.65966 -230.607
0
39.2787 4.5985 -230.565
0
35.0913 4.6472 -230.525
0
30.8021 4.57441 -230.479
0
26.6422 4.57717 -230.435
0
23.1532 4.49753 -230.397
0
18.0182 4.35729 -230.47
0
13.2358 4.31799 -230.939
0
9.09913 4.30691 -231.345
0
5.63844 4.27622 -231.688
0
1.39092 4.46919 -232.115
0
-2.8023 4.38436 -232.529
0
-7.67374 4.37848 -233.012
0
-11.8635 4.25463 -233.423
0
-16.1027 4.11191 -233.837
0
-20.2949 4.18992 -234.25
0
-24.5356 4.20119 -234.664
0
-28.6713 4.37018 -235.073
0
-32.9243 4.29349 -235.481
0
-37.1122 4.30623 -235.887
0
-41.3278 4.33413 -236.296
0
-46.1669 4.33243 -236.767
0
-50.3668 4.45824 -237.179
0
-54.5809 4.54706 -237.594
0
-58.8258 4.59999 -238.01
0
-62.9407 4.67009 -238.416
0
-67.1788 4.91628 -238.84
0
-71.3883 5.00387 -239.256
0
-76.2616 5.10196 -239.732
0
-80.0535 5.19906 -240.034
0
-84.0341 5.37731 -240.138
0
-88.2156 5.57941 -240.251
0
-92.4182 5.68526 -240.36
0
-96.6023 5.85745 -240.472
0
-100.863 5.90262 -240.569
0
-105.189 5.89148 -240.736
0
-108.694 5.99458 -240.937
0
-112.9 6.26895 -241.201
0
-117.135 6.51026 -241.457
0
-121.344 6.61069 -241.686
0
-125.476 6.953 -241.961
0
-133.874 7.89047 -242.594
0
-138.138 8.35958 -242.923
0
-142.318 8.37405 -243.229
0
-146.479 8.02187 -243.512
0
-152.074 7.30675 -243.862
0
-156.224 6.56826 -244.116
0
-160.331 6.29067 -244.412
0
-164.632 5.92939 -244.723
0
-168.806 5.63891 -245.025
0
-172.958 5.21744 -245.323
0
-177.193 4.95359 -245.636
0
-181.369 4.93847 -245.969
0
-185.573 4.88035 -246.305
0
-189.795 4.90258 -246.648
0
-194.058 4.70047 -246.972
0
-198.202 4.51927 -247.287
0
-202.4 4.25829 -247.6
0
-206.655 4.17624 -247.933
0
-210.805 3.95975 -248.25
0
-215.064 3.8576 -248.585
0
-219.224 3.66184 -248.905
0
-223.451 3.50381 -249.231
0
-227.659 3.44188 -249.309
0
-231.864 3.377 -249.339
0
-236.081 3.46399 -249.378
0
-240.202 3.50211 -249.416
0
-244.5 3.62247 -249.457
0
-249.365 3.82912 -249.512
0
-252.731 4.34269 -244.626
0
-252.579 4.69738 -240.36
0
-252.452 5.02298 -236.803
0
-252.267 5.8974 -232.066
0
-252.098 7.00835 -227.985
0
-251.641 8.37198 -222.589
0
-251.254 9.42432 -219.114
0
-250.843 11.2754 -215.265
0
-250.457 13.0898 -211.544
0
-249.588 14.5105 -206.913
0
-248.551 14.1005 -203.579
0
-246.407 14.0731 -195.125
0
-245.834 13.6349 -191.169
0
-245.089 12.2224 -185.567
0
-245.016 11.0261 -183.255
0
-244.917 8.98262 -179.602
0
-244.804 7.56953 -175.584
0
-244.697 6.73847 -171.512
0
-244.561 6.01059 -166.55
0
-244.445 5.51642 -162.392
0
-244.345 5.24372 -158.878
0
-244.224 5.25546 -154.66
0
-244.1 5.47725 -150.488
0
-243.971 5.69843 -146.295
0
-243.78 5.4546 -141.43
0
-243.613 5.00851 -137.923
0
-243.374 4.38811 -133.034
0
-243.165 3.78505 -128.878
0
-242.954 3.42208 -124.677
0
-242.736 2.89449 -120.378
0
-242.53 2.30351 -116.314
0
-242.328 1.99189 -112.092
0
-242.128 1.68 -107.878
0
-241.933 1.56799 -103.661
0
-241.737 1.29778 -99.4362
0
-241.541 1.26276 -95.2151
0
-241.345 1.09769 -90.9875
0
-241.152 1.0422 -86.817
0
-240.922 0.902678 -81.8656
0
-240.727 0.936013 -77.6583
0
-240.528 0.947303 -73.3636
0
-240.335 0.949713 -69.223
0
-240.138 0.898283 -64.9911
0
-239.942 0.854776 -60.7838
0
-239.746 0.852825 -56.6055
0
-239.549 0.900526 -52.3865
0
-239.351 0.899299 -48.1636
0
-239.155 0.997851 -43.9352
0
-238.962 0.898299 -39.8103
0
-238.759 0.964173 -35.459
0
-238.566 1.03133 -31.3276
0
-238.337 1.27794 -26.4053
0
-238.139 1.4867 -22.1414
0
-237.941 1.70106 -17.9586
0
-237.709 2.14727 -13.1338
0
-237.501 2.22455 -8.8465
0
-237.261 2.23861 -3.89843
0
-237.059 2.37133 0.283767
0
-236.874 3.07947 4.46148
0
-236.654 3.13049 8.66137
0
-236.426 3.28043 12.884
0
-236.162 3.31115 17.7823
0
-235.937 3.59998 22.0082
0
-235.711 3.70212 26.2308
0
-235.525 3.67721 29.6715
0
-235.258 3.70076 34.6145
0
-235.032 3.83698 38.789
0
-234.797 3.90363 43.0992
0
-234.57 4.10057 47.2394
0
-234.346 4.01822 51.4235
0
-234.116 4.10996 55.6718
0
-233.882 4.47554 59.9246
0
-233.628 4.39831 64.8256
0
-233.414 4.40022 68.9971
0
-233.194 4.46039 73.2695
0
-232.944 4.55483 78.1424
0
-232.729 4.60082 82.3284
0
-232.515 4.79797 86.5345
0
-232.295 4.98777 90.8652
0
-232.052 5.18249 95.6499
0
-231.802 5.31104 100.559
0
-231.585 5.35053 104.796
0
-231.371 5.4315 109.012
0
-231.12 5.54975 113.956
0
-230.912 5.55125 118.078
0
-230.697 5.80429 122.286
0
-230.446 5.90264 127.23
0
-230.228 6.14176 131.482
0
-229.977 6.32101 136.41
0
-229.784 6.40369 141.543
0
-229.844 6.53231 144.804
0
-229.907 6.89741 149.07
0
-229.971 7.20418 153.227
0
-230.051 7.42555 158.192
0
-230.091 7.86077 162.329
0
-230.083 8.89461 167.143
0
-230.027 10.085 171.267
0
-229.956 11.4804 175.954
0
-229.958 12.1915 180.057
0
-230.034 11.7981 184.251
0
-230.158 11.3342 189.19
0
-230.438 9.84175 193.157
0
-230.754 8.48797 197.867
0
-230.918 8.29121 202.08
0
-231.046 8.38143 206.219
0
-231.1 9.19996 211.136
0
-231.007 10.653 215.762
0
-231.207 10.959 220.087
0
-231.544 10.4821 224.187
0
-231.916 10.0404 228.455
0
-232.302 9.53921 232.623
0
-232.751 8.91659 237.38
0
-233.16 8.48264 242.253
0
-230.663 8.03318 246.501
0
-221.699 7.03555 246.194
0
-208.632 6.36316 247.129
0
-201.851 6.09256 250.378
0
-188.357 6.09747 247.975
1
-120.857 2.02796 103.72
0
-92.0878 1.70878 70.1323
0
-115.117 2.85334 63.5687
0
-134.328 4.14346 60.2707
0
-110.562 1.889 90.8636
0
-112.445 1.22148 134.226
0
-24.8225 5.10928 200.454
0
10.3558 14.1108 210.18
0
43.0194 5.94141 212.958
0
80.4241 1.28417 204.099
0
108.047 0.555929 180.8
0
149.926 1.90911 156.34
0
171.93 1.92181 172.226
0
207.597 2.13778 155.125
0
184.255 1.50379 117.855
1
164.078 1.72165 -97.4258
0
191.14 1.56618 -72.8426
0
182.935 1.7 -96.2503
0
186.121 1.96355 -109.254
0
191.128 2.17051 -122.392
0
175.392 1.26904 -143.091
0
143.637 1.11581 -152.983
0
128.014 1.58755 -161.945
0
115.759 1.91004 -119.908
0
116.684 1.78731 -98.7418
0
101.761 2.50417 -80.3117
0
66.4079 5.95705 -53.8393
0
48.4913 9.02949 -28.9809
0
32.8314 13.0944 -17.992
0
28.2563 16.5666 21.692
0
25.0202 12.1111 41.8131
0
-37.6977 4.55385 17.549
0
-71.7413 2.19668 15.6
0
-110.657 0.874422 -16.5891
0
-109.329 0.902415 -54.1161
0
-110.581 1.70265 -75.2312
0
-140.28 4.56654 -115.841
0
-148.682 8.77127 -132.615
0
-122.562 12.7236 -151.883
0
-139.46 8.40442 -191.835
0
-171.755 7.29774 -203.163
0
-226.952 17.7116 -207.648
0
-202.209 7.73099 -224.007
0
-27.224 14.4356 -139.339
0
-12.5785 16.012 -126.563
0
25.9693 12.0111 -133.754
0
51.4272 5.83108 -153.062
0
95.8897 8.6172 -17.2657
0
103.18 5.47235 61.785
0
125.375 1.93801 102.614
0
38.1194 13.4222 93.0791
0
-2.334 6.67654 97.0113
0
-44.6188 1.89853 145.59
