4283662824
0
34
-66627.1 43364 -25774.7
-0.126088 -0.104697 -0.991936
0.105478 0.994422 -0.000552418
0.986395 -0.104697 -0.126737
-62461 42921.8 -26310
-0.126088 -0.104697 -0.991936
0.105478 0.994422 -0.000552418
0.986395 -0.104697 -0.126737
-58103.4 42459.3 -26869.9
-0.126088 -0.104697 -0.991936
0.105478 0.994422 -0.000552418
0.986395 -0.104697 -0.126737
-37106.7 40230.7 -29567.7
-0.126088 -0.104697 -0.991936
0.105478 0.994422 -0.000552418
0.986395 -0.104697 -0.126737
-5278.25 39194.2 -36669.1
-0.150752 0.108769 -0.336986
-0.631611 0.352782 -0.690371
0.760487 0.108769 -0.640178
8570.95 39488.1 -48253.3
-0.640811 -0.126395 -0.76696
0.0756386 0.991409 -0.106713
0.763963 -0.126395 -0.632759
17423.6 35375.6 -55469.3
-0.640811 -0.469055 -0.76696
0.341095 0.882527 -0.323728
0.687761 -0.469055 -0.55405
26742 30598.8 -66424.7
-0.806527 0.0619188 -0.347985
-0.465665 0.87621 -0.124144
0.364241 0.0619188 -0.929244
29747.5 34919.9 -78757
-0.940629 0.523869 -0.257478
-0.321765 0.822581 0.468857
0.108093 0.523869 -0.844913
44947.7 45372.9 -84111.8
0.234953 0.0516817 -0.714677
-0.270529 0.75053 0.602925
0.933601 0.0516817 0.354567
56136.1 39133.4 -81271.8
0.20671 -0.72933 -0.978167
0.710699 0.683826 0.165194
0.672441 -0.72933 0.126098
61452.6 36260.3 -80211.4
0.20671 -0.0336425 -0.978167
0.0284875 0.999203 0.0279471
0.977987 -0.0336425 0.205933
68239.1 35607.1 -78791.5
0.20671 -0.136885 -0.978167
0.129562 0.990354 0.0491123
0.969786 -0.136885 0.201935
73276.6 36338.7 -77710.9
0.20671 0.314678 -0.978167
-0.312162 0.948956 -0.0451428
0.927268 0.314678 0.202859
93243.3 36767.1 -56082.9
0.942493 -0.2252 -0.118522
-0.271643 0.922836 0.273101
0.194721 -0.2252 0.954656
84307.4 36139.8 -34124.2
0.865326 -0.251504 0.497164
-0.0722129 0.965767 0.249158
-0.495981 -0.251504 0.831113
73568.1 35016.7 -22511.1
0.638068 0.0495284 0.724825
-0.132944 0.96439 -0.228643
-0.758416 0.0495284 0.649886
64278.4 32893.8 -14355.2
0.653304 -0.298847 0.755619
-0.25581 0.95313 0.161566
-0.712569 -0.298847 0.634772
57700.7 27410 -8325.26
0.653304 -0.785499 0.75562
-0.613959 0.617056 0.492235
-0.442999 -0.785499 0.432138
53095 20864.3 -4558.07
0.0947585 -0.683268 0.886051
-0.793396 0.572023 -0.208118
-0.601285 -0.683268 0.414247
46639 17140.1 -1957.76
0.230602 -0.331247 0.961993
-0.357749 0.932139 -0.0559618
-0.904897 -0.331247 0.267277
40063.5 18125.1 -531.286
0.230601 0.653069 0.961994
0.616373 0.743041 -0.260721
-0.752933 0.653069 0.0811971
35129.4 23247.8 -127.361
0.230601 0.795333 0.961994
0.761556 0.588263 -0.271991
-0.605686 0.795333 0.0242711
31037.5 28621 36.6112
0.230601 0.795333 0.961994
0.761556 0.588263 -0.271991
-0.605686 0.795333 0.0242711
18548.6 32997.4 2364.99
0.194861 0.0840037 0.951252
0.132547 0.967364 0.215957
-0.971834 0.0840037 0.220188
3075.56 37224.3 6596.85
0.19486 0.467017 0.951252
0.51324 0.85132 0.10881
-0.835832 0.467017 0.288583
-11726.8 39263.4 10141.5
0.193224 -0.0335583 0.980929
-0.0288657 0.999215 0.0271346
-0.98073 -0.0335583 0.192465
-18604 40185.3 11516
0.193224 0.31702 0.980929
0.314971 0.948185 -0.0416903
-0.929224 0.31702 0.189844
-31862.5 36746.2 14053.8
0.193224 -0.533326 0.980929
-0.519945 0.845648 0.120572
-0.832059 -0.533326 0.152451
-44791.1 32740.5 23378.9
0.77053 -0.278353 0.633808
-0.227375 0.958096 0.174219
-0.595469 -0.278353 0.753615
-49179.3 29739.4 29033.8
0.77053 -0.505339 0.633807
-0.366781 0.860268 0.354134
-0.521301 -0.505339 0.687661
-53925.2 28417.2 34944.5
0.770531 -0.0363908 0.633807
-0.0753516 0.997048 -0.0147529
-0.632933 -0.0363908 0.773351
-63720.9 32430.1 46425.3
0.770532 -0.00956013 0.633806
-0.0583004 0.997666 -0.0355482
-0.63473 -0.00956013 0.772675
-70746.5 34858.5 58340.3
0.908921 0.2044 0.416552
0.0685853 0.97871 -0.19345
-0.41129 0.2044 0.888291
