4278256128
0
43
101010 49079.6 -100830
0.733184 -0.294171 0.676688
-0.247256 0.953377 0.17302
-0.633487 -0.294171 0.715652
91209.7 44528.6 -89758.4
0.733184 -0.294171 0.676688
-0.247256 0.953377 0.17302
-0.633487 -0.294171 0.715652
89099.3 40721.6 -77685.9
0.858068 -0.286766 -0.346642
0.450083 0.87989 0.152375
0.247273 -0.286766 0.925538
88385.7 37361.2 -63256.8
0.933943 -0.175044 0.314739
-0.214681 0.969881 0.115077
-0.285767 -0.175044 0.942177
87719.9 33963.8 -51734.7
0.996507 -0.310877 -0.0756498
0.0570634 0.949792 0.307635
0.0609714 -0.310877 0.948492
82779.6 30945.2 -43269.8
0.118231 0.0134962 0.880078
-0.04616 0.887881 -0.457751
-0.991913 0.0134962 0.126203
71792.4 34161.6 -42065.6
-0.00679535 0.363182 0.961988
0.375728 0.890823 0.255465
-0.926705 0.363182 0.0965231
63075.4 33979.2 -42179
-0.00679531 -0.292669 0.961988
-0.306055 0.916413 0.257911
-0.95199 -0.292669 -0.0897824
52999.9 30513.8 -50769.7
-0.850198 -0.431172 0.525462
-0.201901 0.901686 -0.382358
-0.486209 -0.431172 -0.76006
47508.9 25999.8 -58515.3
-0.793095 -0.425197 0.604013
-0.201901 0.901686 -0.382359
-0.574662 -0.425197 -0.699264
35072 25861.6 -65001.8
-0.278298 0.384995 0.938953
0.32406 0.900479 0.29004
-0.904176 0.384995 -0.185051
22970.2 27959.4 -68149.3
-0.290428 -0.0697997 0.9526
-0.0406893 0.99344 -0.106874
-0.956031 -0.0697997 -0.284837
11739.8 32300.4 -71813.9
-0.202343 0.254018 0.959557
0.292459 0.94719 -0.131528
-0.934626 0.254018 -0.248897
-1913.95 36754 -71940
0.179602 0.417074 0.977563
0.394664 0.902184 -0.174082
-0.901101 0.417074 0.118597
-15389.2 32317.1 -77430.7
-0.831019 -0.714571 0.555512
-0.3807 0.698981 -0.605387
-0.405554 -0.714571 -0.570012
-24246.8 28152.4 -80485.8
0.19561 0.249984 0.745347
0.466816 0.728913 0.500769
-0.86245 0.249984 0.4401
-41825 26875.8 -82719.1
-0.390503 -0.265601 0.915354
-0.208365 0.959073 -0.191736
-0.896712 -0.265601 -0.354068
-55412.2 27112 -80910
0.206101 0.209998 0.623534
0.527866 0.622233 0.578087
-0.823942 0.209998 0.526328
-67926 30986.2 -79542.3
-0.0191332 0.335158 0.669998
0.518176 0.580459 -0.628141
-0.85506 0.335158 -0.395653
-76794.9 32036 -84561.6
-0.530241 -0.0256622 0.79378
0.143072 0.954245 -0.262578
-0.835688 -0.0256622 -0.548604
-88000.8 31691.9 -91918
-0.540286 -0.0256622 0.829607
-0.0985705 0.989696 0.103857
-0.835688 -0.0256622 -0.548604
-98076.4 36622.4 -93149.5
-0.218125 0.54665 0.562235
0.723241 0.254676 0.641921
-0.655244 0.54665 0.521372
-96809 38391.7 -85518.4
0.995251 0.140955 0.0229368
0.0968861 0.985486 -0.139394
-0.00941695 0.140955 0.989971
-96081.4 37983.4 -75551.9
0.984667 -0.151953 -0.148783
0.111796 0.984183 0.137427
0.133914 -0.151953 0.979274
-88773.1 36375.9 -63204.9
0.810789 -0.00640346 -0.583368
0.0426982 0.998827 -0.0228238
0.583779 -0.00640346 0.811887
-80791.9 35165 -54182.2
0.710352 -0.0119137 -0.703663
0.0198065 0.9998 -0.0028485
0.703568 -0.0119137 0.710528
-62499.2 30943 -46945.6
0.15422 -0.604306 -0.98663
0.604367 0.795007 0.0519996
0.781637 -0.604306 0.15446
-53767 22344.6 -45121.4
0.15422 -0.720497 -0.98663
0.71848 0.691452 0.0753686
0.678235 -0.720497 0.144504
-46595.3 23881.7 -43889.8
0.230853 0.514636 -0.953985
-0.471292 0.835781 -0.281699
0.851229 0.514636 0.102755
-26581 34176.6 -42955.9
0.000261862 -0.174021 -0.973094
0.178894 0.957407 -0.226645
0.983868 -0.174021 0.0414693
-16827.5 32916 -54461.6
-0.967107 -0.28329 -0.0500746
-0.223039 0.926039 -0.304474
0.122305 -0.28329 -0.951203
-19503.1 31840 -71941.7
-0.921647 -0.454584 0.386714
-0.149757 0.890132 -0.430393
-0.357966 -0.454584 -0.815607
-32123.1 28155.1 -82734.7
-0.224011 -0.309838 0.915704
-0.394128 0.890334 0.227964
-0.891337 -0.309838 -0.330936
-43715.4 28250.8 -85535.7
-0.224011 0.174637 0.915704
0.102039 0.926389 0.362479
-0.96923 0.174637 -0.173479
-58224.8 29145.7 -82316.3
0.354069 -0.00150777 0.562876
0.39575 0.664975 0.633395
-0.847359 -0.00150777 0.531019
-71736.8 32725.7 -84005.3
-0.81626 0.486839 0.571747
0.339301 0.869577 0.358764
-0.46754 0.486839 -0.73783
-59587.3 39527.5 -99359.1
0.232047 0.121781 -0.968476
-0.13987 0.988414 0.058951
0.962596 0.121781 0.242031
-42396.3 35272.7 -95638.3
0.232047 -0.389687 -0.968476
0.361099 0.91648 0.172254
0.903195 -0.389687 0.179952
-32738.7 32404.4 -83944.9
0.909408 0.0321408 -0.41341
-0.0547046 0.998448 -0.0104743
0.412292 0.0321408 0.910485
-25804.7 30518.9 -70993.1
0.891118 -0.554263 -0.453719
0.256633 0.832313 0.491319
0.374231 -0.554263 0.743467
-22308.5 31912.3 -64147.8
0.891118 0.683181 -0.45372
-0.305477 0.730217 -0.61112
0.335549 0.683181 0.648591
-19255.7 34381.4 -48860.3
0.988304 0.0619394 0.150956
0.0307127 0.997845 -0.0579813
-0.149375 0.0619394 0.986839
-19720.7 43692.8 -29587.7
0.952245 0.86906 -0.0422992
-0.164548 0.391528 -0.905334
-0.257204 0.86906 0.422588
