4288584605
1
27
81856.7 40275 71219.9
-0.720919 -0.0724902 0.692783
-0.0372172 0.997205 -0.0647879
-0.692019 -0.0724902 -0.71823
65505.8 38562.2 54249.6
-0.720919 -0.0724902 0.692783
-0.0372172 0.997205 -0.0647879
-0.692019 -0.0724902 -0.71823
47507.4 37397.3 46659.6
-0.169241 -0.0475823 0.98389
-0.0372171 0.997205 -0.0647877
-0.984872 -0.0475823 -0.166624
27643.6 35642.2 37006.8
-0.970747 -0.341078 0.237682
-0.11222 0.939419 -0.32388
-0.212266 -0.341078 -0.915756
23736.5 37367.3 21296.1
-0.970747 0.317993 0.237682
0.0443447 0.947483 0.316718
-0.235973 0.317993 -0.918258
20688.2 36436.1 8712.63
-0.970747 -0.307081 0.237682
-0.104515 0.951075 -0.290744
-0.216163 -0.307081 -0.926809
22845.7 31349.3 -4152.29
-0.677048 -0.363308 -0.551701
0.606137 0.794214 -0.0426868
0.417378 -0.363308 -0.832949
30783.4 27882.2 -20805.2
-0.898492 0.00953071 -0.417077
0.120175 0.99053 0.0663924
0.422221 0.00953071 -0.906443
35709.2 25742.1 -32119.4
-0.898492 -0.16623 -0.417077
0.193126 0.976529 -0.0953616
0.394227 -0.16623 -0.903854
41207.8 29705 -42663.5
-0.898492 0.489282 -0.417077
-0.0999501 0.861304 0.498162
0.42746 0.489282 -0.760185
48617.1 39572.5 -69710.2
-0.801436 0.0250748 -0.212747
-0.547763 0.828813 -0.11412
0.240116 0.0250748 -0.97042
64668.4 40482.4 -86722.1
0.0730171 -0.11105 -0.814788
0.0843464 0.81048 0.579661
0.993758 -0.11105 0.0106677
80919 42314.2 -64071.7
0.764612 -0.0038339 -0.0245416
-0.643523 0.764996 0.0256692
0.0353058 -0.0038339 0.999369
81417.5 42260.1 -49961.9
0.990858 -0.0038339 -0.0345048
-0.130208 0.991451 0.00840354
0.0353058 -0.0038339 0.999369
79202.7 41513.1 -28523.1
0.992182 -0.253001 0.122041
-0.00583427 0.967114 0.254277
-0.124665 -0.253001 0.9594
78815.6 38744.7 -7622.47
0.983186 -0.227602 -0.031739
-0.167393 0.957005 0.236898
0.0729755 -0.227602 0.971016
77435 34594.7 5919.33
0.895237 -0.333076 0.310721
-0.39772 0.887163 0.234011
-0.200922 -0.333076 0.921244
71558 29457.2 17302.1
0.811855 -0.395989 0.423121
0.121762 0.825429 0.551218
-0.571021 -0.395989 0.719116
68226.8 30986 27817.6
0.934926 0.446016 0.239662
0.339544 0.855917 -0.39002
-0.103071 0.446016 0.889071
61452.8 34447.1 39695.6
0.651981 0.156689 0.752798
0.0603309 0.98348 -0.170667
-0.755832 0.156689 0.635742
46444.5 35173.4 51701.9
0.136139 -0.168438 0.907241
-0.239624 0.901803 -0.359627
-0.961273 -0.168438 0.218134
28318.3 35798.1 51219.1
-0.0997364 0.220094 0.994505
0.216009 0.97496 0.0528538
-0.971284 0.220094 -0.0903664
19582.3 39358.9 50456.9
-0.0997363 0.449406 0.994505
0.444553 0.892761 0.0731442
-0.890182 0.449406 -0.0748967
9063.07 39893.4 49419.1
-0.0997362 -0.171316 0.994505
-0.173675 0.984702 0.0140849
-0.979739 -0.171316 -0.103736
-2387.32 37111.9 46997.3
-0.384568 -0.276414 0.761356
-0.0666237 0.806939 -0.586865
-0.920689 -0.276414 -0.275548
-28049 36259.7 34774.6
-0.509592 0.0749278 0.675465
0.390422 0.842806 -0.37047
-0.766738 0.0749278 -0.637573
-38980.8 35950.9 17939.5
-0.844816 -0.040166 0.320541
-0.415925 0.902689 0.110267
-0.336589 -0.040166 -0.940795
